0 0.80859375 0.22578125 0.253125 0.28671875
0 0.3125 0.1375 0.0890625 0.15546875
0 0.39453125 0.078125 0.12265625 0.15625
0 0.4578125 0.19296875 0.13515625 0.28125
0 0.5640625 0.3046875 0.16171875 0.20625
0 0.69765625 0.528125 0.1671875 0.315625
0 0.50859375 0.5265625 0.2 0.359375
0 0.30078125 0.3734375 0.2 0.2765625
0 0.18671875 0.17578125 0.16328125 0.18671875
0 0.14765625 0.37578125 0.134375 0.209375
0 0.0984375 0.58984375 0.196875 0.3234375
0 0.23125 0.8453125 0.215625 0.24375
0 0.284375 0.6046875 0.22421875 0.21796875
0 0.4109375 0.8453125 0.15390625 0.240625
0 0.55625 0.7671875 0.15234375 0.2
0 0.82109375 0.721875 0.20859375 0.26875
0 0.86640625 0.46171875 0.1796875 0.2
0 0.7125 0.89453125 0.17109375 0.2015625