0 0.92421875 0.06640625 0.1515625 0.13125
0 0.60234375 0.228125 0.284375 0.2765625
0 0.85859375 0.23046875 0.26875 0.21484375
0 0.8 0.41328125 0.29375 0.24921875
0 0.4515625 0.41171875 0.29140625 0.303125
0 0.1890625 0.3171875 0.265625 0.3078125
0 0.17421875 0.69453125 0.28984375 0.3265625
0 0.0671875 0.5109375 0.13359375 0.1546875
0 0.340625 0.72109375 0.08984375 0.1140625
0 0.4578125 0.7109375 0.1453125 0.14921875
0 0.72421875 0.665625 0.27578125 0.321875
0 0.88359375 0.8375 0.2234375 0.31171875