0 0.56953125 0.08046875 0.06953125 0.0828125
0 0.48828125 0.08203125 0.059375 0.0875
0 0.4046875 0.06015625 0.05546875 0.08125
0 0.284375 0.08671875 0.0765625 0.0828125
0 0.171875 0.27734375 0.07265625 0.10625
0 0.290625 0.3046875 0.0796875 0.121875
0 0.11484375 0.4078125 0.06171875 0.084375
0 0.04375 0.434375 0.0578125 0.08125
0 0.03671875 0.62890625 0.0734375 0.1
0 0.0703125 0.740625 0.1015625 0.11015625
0 0.078125 0.85234375 0.10625 0.13359375
0 0.15390625 0.62265625 0.0859375 0.18359375
0 0.18828125 0.753125 0.0578125 0.0671875
0 0.22265625 0.80703125 0.05 0.06796875
0 0.2546875 0.759375 0.0703125 0.06640625
0 0.23359375 0.65078125 0.09453125 0.1484375
0 0.30703125 0.6046875 0.08046875 0.15234375
0 0.365625 0.6921875 0.0921875 0.14765625
0 0.45859375 0.6234375 0.128125 0.19296875
0 0.35390625 0.46875 0.08125 0.16875
0 0.4640625 0.44296875 0.128125 0.20703125
0 0.5734375 0.453125 0.09296875 0.1609375
0 0.63125 0.35859375 0.10859375 0.16484375
0 0.72109375 0.35 0.09921875 0.15390625
0 0.80625 0.253125 0.09765625 0.13984375
0 0.75078125 0.08828125 0.1078125 0.15625
0 0.85703125 0.1359375 0.10078125 0.16484375
0 0.909375 0.30625 0.1125 0.15703125
0 0.80078125 0.4671875 0.11328125 0.19609375
0 0.71328125 0.56015625 0.0984375 0.203125
0 0.56171875 0.63046875 0.0796875 0.1078125
0 0.6328125 0.5453125 0.04765625 0.08828125
0 0.61640625 0.60625 0.03359375 0.0625
0 0.64921875 0.653125 0.05078125 0.08515625
0 0.8015625 0.621875 0.05703125 0.08359375
0 0.88125 0.53828125 0.05390625 0.06953125
0 0.8609375 0.60703125 0.04765625 0.065625
0 0.97578125 0.56796875 0.0484375 0.1046875
0 0.96640625 0.653125 0.05703125 0.0703125
0 0.9578125 0.71796875 0.05703125 0.06640625
0 0.9359375 0.77421875 0.0609375 0.08046875
0 0.821875 0.77421875 0.07109375 0.0890625
0 0.5890625 0.74609375 0.07265625 0.05546875
0 0.434375 0.85078125 0.14296875 0.18828125
0 0.59609375 0.82109375 0.08359375 0.09609375
0 0.684375 0.8109375 0.05859375 0.078125
0 0.65 0.88359375 0.08359375 0.08671875
0 0.83828125 0.871875 0.06640625 0.08359375
0 0.78515625 0.8921875 0.053125 0.09765625