0 0.6546875 0.1671875 0.14609375 0.24453125
0 0.81875 0.19453125 0.184375 0.26015625
0 0.80078125 0.48203125 0.1703125 0.30546875
0 0.65859375 0.390625 0.1328125 0.2015625
0 0.50390625 0.38359375 0.1640625 0.18515625
0 0.36328125 0.178125 0.1640625 0.19453125
0 0.30625 0.31015625 0.0734375 0.13125
0 0.225 0.45078125 0.2 0.271875
0 0.2171875 0.6625 0.09453125 0.1140625
0 0.3453125 0.6921875 0.14765625 0.2328125
0 0.41015625 0.49296875 0.17265625 0.1828125
0 0.465625 0.64140625 0.125 0.153125
0 0.5828125 0.5890625 0.15078125 0.2296875
0 0.71796875 0.67265625 0.134375 0.20234375
0 0.6484375 0.803125 0.1171875 0.19296875
0 0.51171875 0.8046875 0.1359375 0.21953125
0 0.36640625 0.86953125 0.1234375 0.13984375