0 0.8109375 0.1171875 0.1640625 0.1453125
0 0.16640625 0.26640625 0.1703125 0.121875
0 0.3625 0.2296875 0.184375 0.17109375
0 0.2546875 0.34296875 0.11640625 0.08515625
0 0.18125 0.39609375 0.09296875 0.1
0 0.26875 0.446875 0.14765625 0.1390625
0 0.1359375 0.66328125 0.2109375 0.18984375
0 0.39609375 0.56328125 0.2015625 0.171875
0 0.58046875 0.2171875 0.18359375 0.12578125
0 0.4625 0.34453125 0.13671875 0.1171875
0 0.59140625 0.32890625 0.16640625 0.121875
0 0.6703125 0.46953125 0.18359375 0.171875
0 0.51171875 0.4546875 0.15078125 0.1390625
0 0.59765625 0.73046875 0.1671875 0.12265625
0 0.61328125 0.87890625 0.2 0.18046875
0 0.87421875 0.815625 0.1953125 0.18203125