0 0.30390625 0.1171875 0.20234375 0.234375
0 0.19375 0.284375 0.25078125 0.2234375
0 0.31484375 0.453125 0.165625 0.2234375
0 0.23828125 0.64140625 0.2109375 0.25078125
0 0.47734375 0.20859375 0.20625 0.30546875
0 0.70625 0.215625 0.2203125 0.271875
0 0.9046875 0.26015625 0.190625 0.3546875
0 0.84921875 0.49765625 0.18203125 0.2140625
0 0.70078125 0.4390625 0.1859375 0.26171875
0 0.80078125 0.671875 0.2046875 0.271875
0 0.69140625 0.82109375 0.1640625 0.27109375
0 0.50234375 0.79453125 0.15390625 0.1953125
0 0.50546875 0.590625 0.1953125 0.1875
0 0.8421875 0.9046875 0.17109375 0.18671875
0 0.2328125 0.86953125 0.17109375 0.23203125
0 0.0734375 0.87421875 0.1453125 0.25078125