0 0.1734375 0.1921875 0.28125 0.196875
0 0.57421875 0.11171875 0.146875 0.14609375
0 0.80390625 0.1015625 0.17109375 0.13359375
0 0.71484375 0.21171875 0.1140625 0.12109375
0 0.54140625 0.26328125 0.21015625 0.2140625
0 0.6625 0.41875 0.18046875 0.21640625
0 0.4875 0.5140625 0.20625 0.24140625
0 0.31875 0.390625 0.22734375 0.25546875
0 0.2296875 0.63359375 0.28046875 0.28515625
0 0.44296875 0.80703125 0.20546875 0.28125
0 0.696875 0.80859375 0.2328125 0.2296875
0 0.67578125 0.62265625 0.15390625 0.14453125
0 0.89453125 0.76484375 0.20625 0.353125