0 0.13671875 0.49375 0.17578125 0.22890625
0 0.1765625 0.315625 0.15859375 0.259375
0 0.3359375 0.22734375 0.1578125 0.22421875
0 0.5046875 0.1671875 0.1734375 0.16640625
0 0.590625 0.3609375 0.16328125 0.24375
0 0.42734375 0.459375 0.20234375 0.23046875
0 0.453125 0.73046875 0.225 0.3109375
0 0.7078125 0.8046875 0.29921875 0.37109375
0 0.75546875 0.35390625 0.16171875 0.26640625
0 0.91796875 0.54375 0.1640625 0.23359375
0 0.88671875 0.20234375 0.21640625 0.2234375
0 0.67109375 0.10390625 0.1796875 0.19921875