0 0.225 0.1890625 0.23515625 0.309375
0 0.775 0.1796875 0.22421875 0.28359375
0 0.50703125 0.4671875 0.2328125 0.3640625
0 0.1671875 0.55 0.259375 0.2171875
0 0.21484375 0.8453125 0.2890625 0.26171875
0 0.34375 0.690625 0.22265625 0.2796875
0 0.7203125 0.5765625 0.1390625 0.171875
0 0.675 0.37109375 0.11171875 0.13125
0 0.64453125 0.9328125 0.13359375 0.121875
0 0.9171875 0.78359375 0.165625 0.2890625
0 0.76953125 0.846875 0.16875 0.20859375
0 0.41015625 0.178125 0.128125 0.1828125
0 0.53203125 0.19921875 0.0921875 0.140625
0 0.63125 0.28828125 0.08984375 0.1359375
0 0.8828125 0.39765625 0.115625 0.1578125