0 0.2671875 0.1640625 0.08671875 0.184375
0 0.36015625 0.1640625 0.12265625 0.2234375
0 0.45859375 0.2265625 0.0828125 0.12578125
0 0.22421875 0.33125 0.11484375 0.2390625
0 0.34921875 0.371875 0.1265625 0.22109375
0 0.45859375 0.4109375 0.09609375 0.21796875
0 0.5578125 0.41875 0.10625 0.20703125
0 0.6515625 0.33828125 0.103125 0.178125
0 0.13515625 0.57421875 0.0765625 0.14765625
0 0.22734375 0.5546875 0.11796875 0.17734375
0 0.35234375 0.59140625 0.13515625 0.21875
0 0.2578125 0.74296875 0.1875 0.196875
0 0.55078125 0.621875 0.10625 0.1921875
0 0.65078125 0.6875 0.1375 0.26875
0 0.79765625 0.728125 0.16484375 0.309375