0 0.51484375 0.07265625 0.0765625 0.10234375
0 0.759375 0.10390625 0.07265625 0.0921875
0 0.621875 0.14140625 0.09375 0.11015625
0 0.59453125 0.271875 0.06640625 0.09375
0 0.3921875 0.490625 0.0828125 0.0875
0 0.26875 0.64453125 0.2453125 0.334375
0 0.47890625 0.79375 0.109375 0.13984375
0 0.63515625 0.4734375 0.18203125 0.25625
0 0.77890625 0.37890625 0.17890625 0.20625
0 0.94765625 0.44453125 0.08203125 0.115625
0 0.82265625 0.534375 0.10390625 0.12109375
0 0.78125 0.703125 0.09375 0.0953125
0 0.6984375 0.625 0.07734375 0.08203125