0 0.10546875 0.134375 0.17109375 0.23359375
0 0.1015625 0.3609375 0.1375 0.196875
0 0.21953125 0.4109375 0.1328125 0.18828125
0 0.42421875 0.2765625 0.15625 0.20703125
0 0.52109375 0.440625 0.14453125 0.17421875
0 0.6703125 0.37578125 0.16171875 0.1984375
0 0.896875 0.2171875 0.1171875 0.1578125
0 0.81328125 0.328125 0.0984375 0.1609375
0 0.7875 0.48984375 0.1046875 0.16640625
0 0.74375 0.84609375 0.15625 0.21328125
0 0.31640625 0.684375 0.1640625 0.1953125
0 0.13671875 0.64453125 0.15859375 0.1953125
0 0.1265625 0.91484375 0.15546875 0.16328125
0 0.934375 0.77109375 0.12265625 0.22734375