0 0.06953125 0.11328125 0.103125 0.071875
0 0.11328125 0.1921875 0.08203125 0.10078125
0 0.225 0.08671875 0.12109375 0.16484375
0 0.34765625 0.19375 0.19609375 0.21796875
0 0.40078125 0.35703125 0.11328125 0.190625
0 0.540625 0.29140625 0.1609375 0.1890625
0 0.68359375 0.3421875 0.10546875 0.13046875
0 0.821875 0.22578125 0.11015625 0.09765625
0 0.85234375 0.40625 0.19765625 0.2703125
0 0.12109375 0.384375 0.084375 0.13125
0 0.225 0.29375 0.09375 0.16015625
0 0.06796875 0.51875 0.1359375 0.20859375
0 0.2421875 0.5125 0.228125 0.30546875
0 0.35703125 0.67890625 0.11015625 0.215625
0 0.48046875 0.7 0.165625 0.2578125
0 0.5359375 0.471875 0.18671875 0.1921875
0 0.41796875 0.88203125 0.1328125 0.15390625
0 0.61015625 0.709375 0.11171875 0.18203125
0 0.75 0.65234375 0.15703125 0.26484375
0 0.86875 0.69453125 0.1203125 0.27578125
0 0.634375 0.0625 0.15859375 0.12421875
0 0.87734375 0.88828125 0.15 0.12265625