0 0.1 0.10859375 0.096875 0.13828125
0 0.2015625 0.23359375 0.14375 0.2578125
0 0.3546875 0.21328125 0.1578125 0.24453125
0 0.16171875 0.3890625 0.1265625 0.13046875
0 0.2640625 0.50625 0.103125 0.1265625
0 0.21015625 0.6078125 0.08984375 0.1578125
0 0.1625 0.70625 0.06796875 0.0890625
0 0.08828125 0.8046875 0.10625 0.13828125
0 0.2859375 0.7453125 0.09609375 0.17109375
0 0.36875 0.67421875 0.07578125 0.12890625
0 0.31484375 0.35234375 0.05859375 0.08828125
0 0.40546875 0.47421875 0.11796875 0.1609375
0 0.4765625 0.34296875 0.1015625 0.15390625
0 0.534375 0.18984375 0.10859375 0.17109375
0 0.4265625 0.0671875 0.08828125 0.12109375
0 0.634375 0.0640625 0.08828125 0.12734375
0 0.77109375 0.0609375 0.0859375 0.121875
0 0.86015625 0.09453125 0.0703125 0.10859375
0 0.93515625 0.2203125 0.115625 0.215625
0 0.82890625 0.2125 0.0859375 0.16171875
0 0.72578125 0.196875 0.09296875 0.1890625
0 0.62421875 0.26796875 0.12109375 0.20390625
0 0.74921875 0.34765625 0.10234375 0.13984375
0 0.89140625 0.41171875 0.10078125 0.159375
0 0.97421875 0.42265625 0.05078125 0.171875
0 0.91953125 0.56484375 0.09296875 0.1359375
0 0.80390625 0.603125 0.13359375 0.1546875
0 0.52578125 0.71328125 0.10234375 0.15859375
0 0.45703125 0.84921875 0.10546875 0.16484375
0 0.625 0.834375 0.109375 0.17890625
0 0.7171875 0.75 0.1 0.159375
0 0.81015625 0.834375 0.11875 0.21015625
0 0.9046875 0.7140625 0.10625 0.16171875
0 0.71953125 0.8953125 0.1015625 0.121875
0 0.54296875 0.9421875 0.0953125 0.10859375