0 0.08046875 0.11953125 0.1140625 0.234375
0 0.2609375 0.26640625 0.31484375 0.39765625
0 0.82890625 0.5671875 0.3421875 0.45078125
0 0.39921875 0.67578125 0.47578125 0.61015625
0 0.70546875 0.83828125 0.1484375 0.17109375
0 0.4921875 0.08046875 0.1296875 0.1609375
0 0.5890625 0.14296875 0.04375 0.06953125
0 0.6078125 0.228125 0.06875 0.08515625
0 0.31484375 0.5265625 0.084375 0.0859375
0 0.52578125 0.49375 0.10703125 0.12265625
0 0.9640625 0.41640625 0.0671875 0.07421875
0 0.19453125 0.6234375 0.0484375 0.0578125
0 0.22109375 0.7796875 0.04453125 0.05390625
0 0.440625 0.4265625 0.04375 0.08125
0 0.09921875 0.35546875 0.0515625 0.090625