0 0.403125 0.10390625 0.17265625 0.11875
0 0.6828125 0.18046875 0.1609375 0.11796875
0 0.88203125 0.33828125 0.14140625 0.128125
0 0.721875 0.33828125 0.203125 0.1421875
0 0.66484375 0.61484375 0.225 0.125
0 0.596875 0.49765625 0.2078125 0.12109375
0 0.384375 0.384375 0.140625 0.103125
0 0.5328125 0.23828125 0.15703125 0.1
0 0.3734375 0.2609375 0.18125 0.1203125
0 0.16953125 0.16328125 0.1515625 0.1296875
0 0.2703125 0.3828125 0.125 0.1109375
0 0.52578125 0.71640625 0.1890625 0.12734375
0 0.396875 0.5015625 0.14765625 0.11484375
0 0.79453125 0.91484375 0.12890625 0.11015625
0 0.675 0.78671875 0.17890625 0.11875
0 0.6375 0.90078125 0.1484375 0.09609375
0 0.88828125 0.73203125 0.17890625 0.13671875
0 0.8359375 0.82578125 0.1203125 0.09140625
0 0.746875 0.47421875 0.1421875 0.10234375
0 0.11640625 0.24921875 0.18828125 0.10234375
0 0.21953125 0.0453125 0.1640625 0.090625
0 0.87578125 0.0953125 0.221875 0.15546875
0 0.9203125 0.92578125 0.146875 0.11640625