0 0.9296875 0.54296875 0.13828125 0.196875
0 0.884375 0.865625 0.16015625 0.19140625
0 0.81015625 0.5453125 0.09765625 0.11796875
0 0.3359375 0.63359375 0.215625 0.265625
0 0.51171875 0.58671875 0.171875 0.21328125
0 0.1609375 0.63671875 0.0828125 0.09453125
0 0.209375 0.85390625 0.0953125 0.10390625
0 0.5359375 0.77265625 0.08984375 0.13671875
0 0.64609375 0.77890625 0.125 0.20703125
0 0.80234375 0.65625 0.0578125 0.078125
0 0.73203125 0.4734375 0.0765625 0.10859375
0 0.66484375 0.53828125 0.05546875 0.07265625
0 0.66328125 0.4125 0.0671875 0.07109375
0 0.5640625 0.39765625 0.103125 0.15
0 0.509375 0.24921875 0.115625 0.13046875
0 0.40625 0.34296875 0.1 0.1109375
0 0.49453125 0.39609375 0.053125 0.1125
0 0.41875 0.4453125 0.0859375 0.09921875