0 0.290625 0.42421875 0.08515625 0.175
0 0.35546875 0.3515625 0.078125 0.1203125
0 0.41796875 0.22421875 0.0875 0.14765625
0 0.509375 0.26796875 0.0515625 0.09921875
0 0.57109375 0.24296875 0.071875 0.1171875
0 0.53046875 0.3515625 0.07421875 0.1
0 0.5453125 0.44453125 0.05390625 0.07265625
0 0.52109375 0.53359375 0.05390625 0.0984375
0 0.44453125 0.7015625 0.0703125 0.12265625
0 0.36328125 0.85859375 0.09609375 0.1390625
0 0.55703125 0.70859375 0.09140625 0.1265625
0 0.85390625 0.35 0.07890625 0.09609375
0 0.67578125 0.2015625 0.06875 0.0953125
0 0.87734375 0.79296875 0.109375 0.1546875
0 0.8515625 0.51015625 0.0671875 0.13828125
0 0.80625 0.6421875 0.06015625 0.1171875
0 0.71953125 0.5703125 0.0640625 0.1015625
0 0.63671875 0.5296875 0.05078125 0.11640625
0 0.3359375 0.6703125 0.08671875 0.09609375
0 0.6609375 0.8359375 0.06796875 0.08828125
0 0.93671875 0.07578125 0.06953125 0.11953125
0 0.85234375 0.0703125 0.05 0.1109375
0 0.77421875 0.0859375 0.065625 0.109375
0 0.86328125 0.2515625 0.05546875 0.07734375
0 0.909375 0.47421875 0.046875 0.12109375
0 0.96484375 0.55 0.05 0.121875
0 0.475 0.6015625 0.065625 0.11015625
0 0.1 0.60234375 0.05625 0.09609375
0 0.18515625 0.48671875 0.04921875 0.05859375