0 0.24609375 0.309375 0.16640625 0.10625
0 0.43515625 0.34609375 0.15234375 0.11328125
0 0.63671875 0.371875 0.13515625 0.128125
0 0.2671875 0.44375 0.16484375 0.1328125
0 0.42265625 0.46328125 0.16640625 0.109375
0 0.4296875 0.58203125 0.1625 0.11796875
0 0.28515625 0.571875 0.109375 0.1234375
0 0.609375 0.59375 0.1578125 0.14140625
0 0.7625 0.55 0.1375 0.10859375
0 0.7453125 0.6421875 0.109375 0.0921875
0 0.8265625 0.66484375 0.08828125 0.1171875
0 0.721875 0.7171875 0.1109375 0.0984375
0 0.653125 0.78203125 0.1125 0.10859375
0 0.390625 0.7078125 0.16796875 0.128125
0 0.43046875 0.81484375 0.1609375 0.10625
0 0.7765625 0.83515625 0.140625 0.09609375
0 0.865625 0.846875 0.09296875 0.10234375
0 0.94296875 0.625 0.1140625 0.14296875
0 0.9484375 0.52109375 0.103125 0.134375