0 0.73671875 0.06640625 0.11484375 0.13203125
0 0.840625 0.159375 0.11640625 0.12890625
0 0.434375 0.29921875 0.1625 0.29921875
0 0.1875 0.52890625 0.11484375 0.18046875
0 0.23125 0.80703125 0.2265625 0.371875
0 0.6015625 0.565625 0.16875 0.2421875
0 0.5234375 0.7390625 0.1359375 0.2140625
0 0.60625 0.86796875 0.1109375 0.14296875
0 0.7984375 0.703125 0.10625 0.21328125
0 0.671875 0.890625 0.046875 0.10078125
0 0.71328125 0.8796875 0.05390625 0.10234375
0 0.77578125 0.86171875 0.07578125 0.1078125
0 0.690625 0.76875 0.0796875 0.11796875
0 0.86875 0.78125 0.09140625 0.16640625