0 0.30859375 0.040625 0.1796875 0.08125
0 0.6671875 0.0578125 0.14140625 0.08828125
0 0.91484375 0.0375 0.16796875 0.07421875
0 0.5875 0.12734375 0.11796875 0.04296875
0 0.60234375 0.1921875 0.08828125 0.0703125
0 0.36640625 0.26796875 0.12265625 0.10546875
0 0.29765625 0.365625 0.1515625 0.1140625
0 0.46640625 0.36171875 0.1421875 0.075
0 0.60625 0.25703125 0.10234375 0.05703125
0 0.6953125 0.24453125 0.08984375 0.059375
0 0.79375 0.26875 0.09609375 0.08828125
0 0.8984375 0.284375 0.08515625 0.06953125
0 0.83671875 0.353125 0.125 0.071875
0 0.7015625 0.31171875 0.10859375 0.07265625
0 0.57578125 0.3203125 0.1 0.08359375
0 0.62578125 0.39765625 0.1140625 0.06484375
0 0.58203125 0.471875 0.11953125 0.08984375
0 0.35625 0.49140625 0.12265625 0.07265625
0 0.45625 0.46953125 0.0796875 0.078125
0 0.51875 0.5203125 0.08359375 0.0625
0 0.8046875 0.4953125 0.1 0.06484375
0 0.76875 0.56953125 0.11484375 0.11328125
0 0.64453125 0.53984375 0.0984375 0.1125
0 0.49921875 0.57265625 0.065625 0.059375
0 0.5671875 0.6046875 0.07578125 0.06640625
0 0.63828125 0.62109375 0.0796875 0.05546875
0 0.58125 0.69140625 0.12578125 0.08359375
0 0.46171875 0.67890625 0.11015625 0.11796875
0 0.42734375 0.5859375 0.07421875 0.07109375
0 0.2453125 0.56171875 0.1203125 0.09609375
0 0.34296875 0.63046875 0.103125 0.1078125
0 0.23828125 0.6515625 0.13671875 0.07578125
0 0.30078125 0.73203125 0.109375 0.0609375
0 0.14921875 0.71953125 0.140625 0.10234375