0 0.875 0.1578125 0.13203125 0.15859375
0 0.47265625 0.21953125 0.1390625 0.13125
0 0.625 0.2515625 0.10703125 0.15703125
0 0.721875 0.3140625 0.11171875 0.18359375
0 0.56015625 0.36015625 0.1484375 0.14453125
0 0.3984375 0.409375 0.1265625 0.21875
0 0.55546875 0.54921875 0.125 0.171875
0 0.28671875 0.4796875 0.15078125 0.18125
0 0.13984375 0.55703125 0.125 0.16875
0 0.2296875 0.6484375 0.12578125 0.15234375
0 0.296875 0.78515625 0.15234375 0.17109375
0 0.915625 0.4390625 0.11953125 0.20390625
0 0.89296875 0.696875 0.11171875 0.15390625
0 0.346875 0.63359375 0.053125 0.0765625