0 0.83125 0.29453125 0.20546875 0.22265625
0 0.71875 0.1375 0.15078125 0.15
0 0.49921875 0.53515625 0.3921875 0.51953125
0 0.925 0.63203125 0.15 0.19921875
0 0.9078125 0.94296875 0.12109375 0.1140625
0 0.81171875 0.9625 0.06796875 0.075
0 0.7453125 0.90703125 0.203125 0.1859375
0 0.56953125 0.8515625 0.096875 0.10625
0 0.44921875 0.896875 0.13515625 0.19765625
0 0.31640625 0.87109375 0.11796875 0.1828125
0 0.32109375 0.69765625 0.1484375 0.18125
0 0.21171875 0.91015625 0.159375 0.17890625
0 0.19140625 0.73828125 0.12734375 0.16171875
0 0.609375 0.2078125 0.12109375 0.128125
0 0.07890625 0.88671875 0.12421875 0.1734375
0 0.0671875 0.71796875 0.096875 0.14296875
0 0.1828125 0.50234375 0.16953125 0.14453125
0 0.06015625 0.51953125 0.09140625 0.18515625
0 0.10390625 0.16328125 0.0890625 0.14296875
0 0.21484375 0.259375 0.16875 0.28984375
0 0.478125 0.196875 0.084375 0.1171875
0 0.37890625 0.18515625 0.1015625 0.14140625