0 0.78515625 0.5859375 0.13359375 0.18828125
0 0.21171875 0.43515625 0.1171875 0.1078125
0 0.29609375 0.86875 0.1078125 0.0984375
0 0.4453125 0.925 0.09453125 0.0890625
0 0.23046875 0.2078125 0.11171875 0.0890625
0 0.08984375 0.50078125 0.11015625 0.12109375
0 0.86015625 0.2578125 0.12421875 0.084375
0 0.828125 0.334375 0.08359375 0.0671875
0 0.7875 0.06171875 0.0828125 0.08515625
0 0.70546875 0.0359375 0.0734375 0.07109375
0 0.05703125 0.38671875 0.07421875 0.07890625
0 0.25234375 0.80546875 0.0734375 0.03984375
0 0.9296875 0.96953125 0.078125 0.0609375
0 0.846875 0.959375 0.059375 0.08125
0 0.51171875 0.471875 0.44453125 0.4421875