0 0.91953125 0.184375 0.1609375 0.1984375
0 0.6421875 0.08046875 0.2375 0.14140625
0 0.61640625 0.22734375 0.22734375 0.1484375
0 0.4203125 0.1265625 0.26015625 0.1703125
0 0.30078125 0.25703125 0.328125 0.20546875
0 0.0796875 0.37265625 0.15859375 0.18125
0 0.2734375 0.5125 0.34609375 0.3046875
0 0.65234375 0.471875 0.43125 0.27265625
0 0.7140625 0.89609375 0.3453125 0.20625
0 0.3640625 0.91015625 0.26328125 0.17890625
0 0.10546875 0.76640625 0.2109375 0.21796875
0 0.815625 0.6703125 0.23984375 0.184375
0 0.94140625 0.86484375 0.1171875 0.1890625