0 0.71015625 0.04140625 0.08671875 0.0828125
0 0.60078125 0.0359375 0.06640625 0.06484375
0 0.74453125 0.15390625 0.08046875 0.08515625
0 0.6 0.13125 0.09296875 0.09453125
0 0.5296875 0.07578125 0.08359375 0.09375
0 0.3875 0.13203125 0.14375 0.18515625
0 0.30703125 0.31640625 0.09609375 0.1828125
0 0.13984375 0.15078125 0.0859375 0.1078125
0 0.190625 0.296875 0.153125 0.19921875
0 0.15078125 0.45 0.06796875 0.10859375
0 0.075 0.4125 0.0625 0.11875
0 0.24140625 0.621875 0.1265625 0.19140625
0 0.12734375 0.62578125 0.10859375 0.21171875
0 0.43828125 0.703125 0.1640625 0.18125
0 0.5765625 0.6375 0.15390625 0.184375
0 0.690625 0.61484375 0.13125 0.19453125
0 0.57421875 0.79296875 0.14453125 0.14453125
0 0.8875 0.6453125 0.13515625 0.171875
0 0.77890625 0.53125 0.109375 0.128125
0 0.6484375 0.2328125 0.06640625 0.0984375
0 0.94921875 0.3890625 0.05078125 0.0828125
0 0.2984375 0.83671875 0.07734375 0.1203125
0 0.125 0.81484375 0.078125 0.12734375
0 0.0453125 0.8140625 0.07109375 0.11875
0 0.45234375 0.31015625 0.05859375 0.10625
0 0.39375 0.31953125 0.0640625 0.1328125
0 0.29921875 0.4984375 0.08515625 0.12890625