0 0.2703125 0.15078125 0.31953125 0.21015625
0 0.79296875 0.21328125 0.20859375 0.12109375
0 0.8875 0.3578125 0.21640625 0.1921875
0 0.86015625 0.50546875 0.2390625 0.19921875
0 0.72734375 0.675 0.23984375 0.18203125
0 0.6203125 0.50234375 0.240625 0.1328125
0 0.35234375 0.33671875 0.20390625 0.16796875
0 0.16015625 0.453125 0.29765625 0.22890625
0 0.14609375 0.67890625 0.29140625 0.22734375
0 0.47890625 0.66484375 0.278125 0.2109375
0 0.6140625 0.9375 0.309375 0.12421875
0 0.60078125 0.3140625 0.2984375 0.24375