0 0.0640625 0.54765625 0.12734375 0.2671875
0 0.16484375 0.2546875 0.1609375 0.125
0 0.46640625 0.3671875 0.24375 0.22890625
0 0.7234375 0.271875 0.18046875 0.1296875
0 0.6953125 0.653125 0.14765625 0.1640625
0 0.77890625 0.81796875 0.1109375 0.13125
0 0.8703125 0.76640625 0.0953125 0.07734375
0 0.9046875 0.66953125 0.13515625 0.1453125
0 0.7609375 0.1 0.16796875 0.16015625
0 0.92578125 0.0828125 0.1484375 0.140625
0 0.2046875 0.16171875 0.11875 0.146875
0 0.290625 0.11171875 0.128125 0.13671875