0 0.19453125 0.1484375 0.2734375 0.29609375
0 0.53125 0.19140625 0.2640625 0.365625
0 0.72109375 0.09609375 0.23515625 0.1921875
0 0.8625 0.21015625 0.22890625 0.32890625
0 0.703125 0.33046875 0.06875 0.13515625
0 0.3625 0.27109375 0.05703125 0.1234375
0 0.4140625 0.41796875 0.06875 0.09453125
0 0.46953125 0.42890625 0.04921875 0.0734375
0 0.6265625 0.5734375 0.25390625 0.4140625
0 0.3234375 0.55390625 0.06328125 0.090625
0 0.3890625 0.58828125 0.06796875 0.09296875
0 0.45234375 0.5609375 0.053125 0.07734375
0 0.47578125 0.6578125 0.06796875 0.0890625
0 0.40703125 0.68203125 0.05703125 0.090625
0 0.13828125 0.55546875 0.04453125 0.06328125
0 0.24140625 0.453125 0.2890625 0.34140625
0 0.82578125 0.675 0.17109375 0.3296875
0 0.15625 0.8546875 0.17421875 0.28359375
0 0.3234375 0.9125 0.165625 0.1671875
0 0.5359375 0.921875 0.18125 0.15390625