0 0.19140625 0.1421875 0.0796875 0.10625
0 0.234375 0.20859375 0.0953125 0.1
0 0.2515625 0.3171875 0.10234375 0.109375
0 0.334375 0.090625 0.090625 0.09765625
0 0.41953125 0.175 0.084375 0.14921875
0 0.596875 0.21328125 0.09609375 0.1703125
0 0.51640625 0.40390625 0.08671875 0.125
0 0.609375 0.40625 0.09375 0.1765625
0 0.68046875 0.5078125 0.13203125 0.16953125
0 0.78515625 0.63125 0.109375 0.109375
0 0.35625 0.57265625 0.1171875 0.16484375
0 0.503125 0.5703125 0.13515625 0.159375
0 0.26171875 0.6328125 0.09921875 0.15703125
0 0.10703125 0.7828125 0.090625 0.12734375
0 0.1921875 0.80234375 0.08359375 0.1140625
0 0.31796875 0.775 0.06796875 0.08828125
0 0.27734375 0.8546875 0.0734375 0.08828125
0 0.31875 0.91484375 0.0703125 0.0765625
0 0.3796875 0.86328125 0.0921875 0.12109375
0 0.44140625 0.6921875 0.07578125 0.09921875
0 0.55703125 0.69609375 0.06875 0.11015625
0 0.60234375 0.74609375 0.0484375 0.0859375
0 0.65859375 0.840625 0.08046875 0.109375
0 0.92890625 0.65546875 0.05234375 0.096875