0 0.22890625 0.1953125 0.11015625 0.22734375
0 0.30078125 0.265625 0.065625 0.14453125
0 0.34453125 0.096875 0.1171875 0.19296875
0 0.4328125 0.09453125 0.0921875 0.1890625
0 0.19375 0.46875 0.1421875 0.234375
0 0.0375 0.409375 0.075 0.1375
0 0.05625 0.60078125 0.1125 0.20859375
0 0.18203125 0.78046875 0.13984375 0.2734375
0 0.078125 0.91015625 0.1453125 0.16875
0 0.2671875 0.921875 0.115625 0.14921875
0 0.35546875 0.5765625 0.159375 0.28828125
0 0.38828125 0.85078125 0.140625 0.2640625
0 0.48828125 0.69375 0.1375 0.33125
0 0.57265625 0.6203125 0.13359375 0.2703125
0 0.5625 0.37578125 0.1109375 0.16484375
0 0.690625 0.26171875 0.096875 0.1796875
0 0.83203125 0.42890625 0.08359375 0.27421875
0 0.92265625 0.42734375 0.11015625 0.23203125
0 0.784375 0.671875 0.12734375 0.15859375
0 0.6984375 0.8453125 0.103125 0.26796875
0 0.7953125 0.8703125 0.1109375 0.23359375