0 0.203125 0.24609375 0.11015625 0.26796875
0 0.33515625 0.1421875 0.17109375 0.284375
0 0.521875 0.21640625 0.13125 0.25234375
0 0.909375 0.2203125 0.07890625 0.16875
0 0.86796875 0.4265625 0.08984375 0.16796875
0 0.62890625 0.37109375 0.084375 0.17734375
0 0.54765625 0.609375 0.1828125 0.4
0 0.41015625 0.35390625 0.15546875 0.221875
0 0.346875 0.6328125 0.13671875 0.34296875
0 0.434375 0.67578125 0.071875 0.178125
0 0.14609375 0.6390625 0.15390625 0.24375
0 0.09921875 0.87421875 0.10234375 0.21953125
0 0.6734375 0.9234375 0.06953125 0.15234375
0 0.7546875 0.875 0.0921875 0.22109375
0 0.85234375 0.88359375 0.0828125 0.23203125
0 0.76953125 0.08046875 0.18046875 0.16015625