0 0.93125 0.47109375 0.11875 0.15625
0 0.93359375 0.6078125 0.1328125 0.16640625
0 0.9546875 0.74140625 0.08984375 0.1421875
0 0.8140625 0.52734375 0.11484375 0.2234375
0 0.75703125 0.7109375 0.15859375 0.17890625
0 0.7015625 0.834375 0.14140625 0.20703125
0 0.61484375 0.8953125 0.16328125 0.20859375
0 0.70390625 0.4890625 0.1109375 0.18828125
0 0.54765625 0.39375 0.19921875 0.2546875
0 0.58359375 0.60625 0.1375 0.20234375
0 0.47109375 0.63984375 0.14921875 0.2140625
0 0.365625 0.73046875 0.1125 0.1734375
0 0.34921875 0.515625 0.1359375 0.18203125
0 0.31796875 0.290625 0.1828125 0.2265625
0 0.24453125 0.60703125 0.10625 0.175
0 0.20546875 0.75546875 0.15703125 0.20859375
0 0.2640625 0.9171875 0.10234375 0.13125
0 0.1375 0.87890625 0.09765625 0.15
0 0.153125 0.20625 0.1265625 0.12890625
0 0.29375 0.084375 0.16796875 0.16796875
0 0.190625 0.34140625 0.08515625 0.14921875