0 0.12109375 0.2953125 0.09296875 0.16484375
0 0.20078125 0.26171875 0.090625 0.18828125
0 0.28046875 0.28203125 0.08984375 0.14453125
0 0.3734375 0.3515625 0.10546875 0.12734375
0 0.29921875 0.41640625 0.125 0.1234375
0 0.1203125 0.440625 0.1234375 0.1421875
0 0.10078125 0.54921875 0.0984375 0.10390625
0 0.04765625 0.7765625 0.0953125 0.1078125
0 0.06015625 0.91796875 0.08203125 0.13671875
0 0.15546875 0.92734375 0.109375 0.11796875
0 0.48359375 0.25859375 0.115625 0.21484375
0 0.596875 0.28046875 0.11796875 0.2109375
0 0.58125 0.4859375 0.13203125 0.15703125
0 0.6828125 0.55625 0.09140625 0.12734375
0 0.6375 0.65625 0.07890625 0.12109375
0 0.59296875 0.73046875 0.07890625 0.103125
0 0.47734375 0.71328125 0.0984375 0.1109375
0 0.38125 0.74296875 0.07890625 0.12578125
0 0.36796875 0.89375 0.08828125 0.1078125
0 0.79296875 0.525 0.09765625 0.12265625
0 0.86875 0.47890625 0.0875 0.13359375
0 0.91796875 0.19296875 0.1046875 0.159375
0 0.67578125 0.7703125 0.0859375 0.1046875
0 0.8328125 0.8703125 0.0953125 0.11015625
0 0.440625 0.9453125 0.07578125 0.10625
0 0.740625 0.61484375 0.07890625 0.12265625
0 0.12265625 0.80703125 0.05703125 0.0875
0 0.1734375 0.7203125 0.078125 0.1078125
0 0.2453125 0.60703125 0.10234375 0.11953125
0 0.1671875 0.60390625 0.059375 0.09609375