0 0.146875 0.2734375 0.13203125 0.2265625
0 0.30234375 0.3484375 0.14296875 0.28125
0 0.1953125 0.51171875 0.1375 0.21171875
0 0.04609375 0.87265625 0.09140625 0.2328125
0 0.3265625 0.72890625 0.284375 0.409375
0 0.45625 0.52421875 0.2015625 0.32890625
0 0.54609375 0.43046875 0.06796875 0.1203125
0 0.62578125 0.48046875 0.1109375 0.109375
0 0.5765625 0.25625 0.2484375 0.2984375
0 0.78984375 0.19921875 0.1984375 0.29765625
0 0.9171875 0.4171875 0.134375 0.2203125
0 0.76328125 0.4953125 0.1734375 0.259375
0 0.67265625 0.67890625 0.22265625 0.2984375
0 0.54375 0.8484375 0.16171875 0.24375