0 0.15703125 0.25078125 0.109375 0.13515625
0 0.11171875 0.53515625 0.1296875 0.17421875
0 0.1453125 0.77265625 0.10078125 0.12265625
0 0.33203125 0.3609375 0.09140625 0.125
0 0.7296875 0.13515625 0.06796875 0.1515625
0 0.65546875 0.12734375 0.06484375 0.14140625
0 0.603125 0.0546875 0.0703125 0.096875
0 0.4609375 0.125 0.09453125 0.12421875
0 0.53671875 0.096875 0.07734375 0.096875
0 0.5140625 0.21015625 0.10625 0.0953125
0 0.45703125 0.290625 0.0953125 0.13125
0 0.55234375 0.340625 0.09375 0.13125
0 0.59609375 0.3875 0.09453125 0.13984375
0 0.6875 0.4609375 0.09375 0.16484375
0 0.77890625 0.425 0.08046875 0.1078125
0 0.8140625 0.321875 0.13125 0.1390625
0 0.8109375 0.58125 0.1203125 0.125
0 0.6875 0.609375 0.0765625 0.10625
0 0.51328125 0.5671875 0.1015625 0.11953125
0 0.38984375 0.66796875 0.10078125 0.13671875
0 0.35390625 0.50234375 0.12421875 0.121875
0 0.43515625 0.4359375 0.08828125 0.1375
0 0.546875 0.771875 0.09921875 0.15390625
0 0.50546875 0.88671875 0.11953125 0.1125
0 0.7546875 0.76796875 0.1078125 0.109375
0 0.78203125 0.6734375 0.0796875 0.07265625
0 0.9640625 0.2328125 0.071875 0.15