0 0.09375 0.46015625 0.17265625 0.21328125
0 0.27109375 0.4140625 0.13359375 0.215625
0 0.0578125 0.79609375 0.11484375 0.1875
0 0.17734375 0.7375 0.15625 0.2140625
0 0.51640625 0.4578125 0.215625 0.2765625
0 0.7109375 0.1109375 0.14453125 0.20078125
0 0.659375 0.30078125 0.125 0.16171875
0 0.86953125 0.28046875 0.19609375 0.24765625
0 0.73515625 0.428125 0.21328125 0.190625
0 0.72734375 0.6140625 0.134375 0.18515625
0 0.67109375 0.75234375 0.14609375 0.203125
0 0.80546875 0.725 0.09765625 0.24609375
0 0.93359375 0.740625 0.1328125 0.2765625
0 0.45625 0.67578125 0.21640625 0.1890625
0 0.5109375 0.79375 0.1265625 0.15390625
0 0.45234375 0.896875 0.1171875 0.17265625
0 0.328125 0.91875 0.14765625 0.1625