0 0.21875 0.2453125 0.2171875 0.20703125
0 0.39140625 0.2828125 0.1421875 0.13125
0 0.52109375 0.36015625 0.2109375 0.15625
0 0.3546875 0.45390625 0.2 0.184375
0 0.30859375 0.57890625 0.18359375 0.09375
0 0.3765625 0.70390625 0.23984375 0.17578125
0 0.5828125 0.715625 0.2109375 0.11328125
0 0.64609375 0.60234375 0.1359375 0.096875
0 0.7921875 0.721875 0.2171875 0.15859375
0 0.73828125 0.45078125 0.21015625 0.196875
0 0.709375 0.87421875 0.253125 0.1828125
0 0.5390625 0.509375 0.20546875 0.1734375
0 0.51015625 0.115625 0.15859375 0.13046875
0 0.2 0.08828125 0.12578125 0.09765625
0 0.78359375 0.075 0.16171875 0.1484375