0 0.10625 0.6296875 0.1703125 0.2765625
0 0.29375 0.571875 0.20234375 0.2453125
0 0.26015625 0.32109375 0.16015625 0.21953125
0 0.39609375 0.1859375 0.1578125 0.1984375
0 0.5171875 0.17578125 0.1 0.14375
0 0.6140625 0.11171875 0.13203125 0.15703125
0 0.6 0.31640625 0.1015625 0.2203125
0 0.49375 0.32265625 0.0984375 0.17109375
0 0.39921875 0.40234375 0.140625 0.159375
0 0.525 0.55546875 0.18671875 0.2078125
0 0.71171875 0.35078125 0.1484375 0.18046875
0 0.82578125 0.3234375 0.1609375 0.26484375
0 0.7359375 0.52578125 0.2 0.1734375
0 0.7140625 0.71328125 0.1875 0.23046875
0 0.53671875 0.71796875 0.14921875 0.17265625
0 0.628125 0.9 0.1984375 0.196875
0 0.3546875 0.91875 0.27734375 0.16015625
0 0.2875 0.76953125 0.2359375 0.1859375