0 0.17109375 0.09140625 0.14453125 0.103125
0 0.3921875 0.065625 0.0875 0.07734375
0 0.22421875 0.18671875 0.07421875 0.06484375
0 0.34296875 0.2203125 0.065625 0.0875
0 0.29765625 0.1984375 0.06328125 0.09140625
0 0.421875 0.2 0.096875 0.0859375
0 0.43359375 0.2859375 0.1140625 0.078125
0 0.2921875 0.2859375 0.07890625 0.075
0 0.21953125 0.28203125 0.0671875 0.078125
0 0.71796875 0.3796875 0.21171875 0.1515625
0 0.803125 0.32265625 0.10390625 0.0984375
0 0.12109375 0.42265625 0.1140625 0.1015625
0 0.2671875 0.5515625 0.14375 0.1015625
0 0.46796875 0.6796875 0.103125 0.08671875
0 0.321875 0.659375 0.121875 0.06640625