0 0.33515625 0.0921875 0.1390625 0.103125
0 0.1921875 0.178125 0.06953125 0.08671875
0 0.1390625 0.26171875 0.10703125 0.12421875
0 0.1203125 0.4375 0.1546875 0.19296875
0 0.18828125 0.5515625 0.07109375 0.09921875
0 0.28671875 0.5515625 0.1078125 0.1546875
0 0.27890625 0.34609375 0.12734375 0.1875
0 0.39375 0.31015625 0.09296875 0.1140625
0 0.4265625 0.465625 0.15703125 0.19453125
0 0.5078125 0.54921875 0.07265625 0.065625
0 0.2328125 0.7234375 0.1734375 0.221875
0 0.528125 0.65703125 0.14921875 0.15234375
0 0.66953125 0.284375 0.171875 0.15390625
0 0.79921875 0.228125 0.12109375 0.15
0 0.88125 0.20234375 0.0546875 0.10078125
0 0.9140625 0.34921875 0.1265625 0.20234375
0 0.6828125 0.690625 0.1265625 0.1359375
0 0.6484375 0.80234375 0.11953125 0.15234375
0 0.5046875 0.85390625 0.14375 0.1375
0 0.5765625 0.9296875 0.090625 0.12265625
0 0.82734375 0.89765625 0.084375 0.07734375
0 0.67421875 0.45390625 0.19609375 0.18671875