0 0.8515625 0.06015625 0.24375 0.1203125
0 0.8 0.19921875 0.21484375 0.13828125
0 0.73125 0.2953125 0.13828125 0.10546875
0 0.5125 0.2984375 0.18359375 0.146875
0 0.35 0.4015625 0.1828125 0.18203125
0 0.215625 0.47265625 0.12890625 0.13359375
0 0.07265625 0.4859375 0.1265625 0.1625
0 0.67734375 0.3875 0.12421875 0.125
0 0.84921875 0.46328125 0.225 0.1765625
0 0.5859375 0.44921875 0.14609375 0.16171875
0 0.4734375 0.54375 0.16796875 0.140625
0 0.86484375 0.603125 0.221875 0.146875
0 0.93046875 0.69453125 0.1359375 0.13515625
0 0.721875 0.7703125 0.1859375 0.13203125
0 0.4484375 0.78515625 0.165625 0.13359375
0 0.39140625 0.64140625 0.16171875 0.128125
0 0.22109375 0.66328125 0.13125 0.13515625
0 0.23203125 0.76875 0.11484375 0.0890625
0 0.15390625 0.91875 0.15390625 0.13984375
0 0.13359375 0.72578125 0.07578125 0.07578125
0 0.0640625 0.8328125 0.128125 0.1359375