0 0.25703125 0.2375 0.11875 0.13203125
0 0.25625 0.39140625 0.10546875 0.159375
0 0.26796875 0.63046875 0.1375 0.18203125
0 0.36640625 0.33828125 0.134375 0.18359375
0 0.47890625 0.31875 0.1296875 0.1671875
0 0.47109375 0.53203125 0.15546875 0.18125
0 0.35546875 0.503125 0.1046875 0.19375
0 0.43046875 0.75234375 0.25078125 0.25234375
0 0.6 0.43359375 0.13671875 0.23359375
0 0.71328125 0.4015625 0.11171875 0.23828125
0 0.76484375 0.5546875 0.10546875 0.1515625
0 0.81015625 0.41015625 0.103125 0.1671875
0 0.88671875 0.34921875 0.11875 0.1625
0 0.9203125 0.52421875 0.1109375 0.18671875
0 0.8984375 0.81484375 0.16328125 0.19375
0 0.63828125 0.91953125 0.1390625 0.1609375