0 0.08125 0.06484375 0.12890625 0.1296875
0 0.11171875 0.24921875 0.11875 0.1796875
0 0.04375 0.37890625 0.0859375 0.115625
0 0.14375 0.48125 0.1390625 0.13203125
0 0.190625 0.353125 0.10859375 0.1328125
0 0.28984375 0.28046875 0.1546875 0.12109375
0 0.228125 0.109375 0.1609375 0.19765625
0 0.359375 0.06640625 0.08515625 0.090625
0 0.2703125 0.43359375 0.09609375 0.1453125
0 0.15 0.61796875 0.1015625 0.11875
0 0.22421875 0.60390625 0.0703125 0.12109375
0 0.259375 0.7484375 0.09453125 0.14609375
0 0.30234375 0.884375 0.10703125 0.128125
0 0.31953125 0.63125 0.1109375 0.16875
0 0.3671875 0.5171875 0.1125 0.1125
0 0.36171875 0.3921875 0.103125 0.12421875
0 0.43125 0.26640625 0.13828125 0.1109375
0 0.48359375 0.49921875 0.13125 0.19609375
0 0.45859375 0.6578125 0.15078125 0.1703125
0 0.39296875 0.80625 0.11796875 0.16484375
0 0.415625 0.93984375 0.1 0.10625
0 0.51796875 0.95234375 0.0984375 0.08984375
0 0.5546875 0.84375 0.1453125 0.21015625
0 0.56328125 0.31875 0.14375 0.159375
0 0.61015625 0.49921875 0.1140625 0.19609375
0 0.59140625 0.66640625 0.084375 0.13828125
0 0.65546875 0.69921875 0.06875 0.125
0 0.7109375 0.80078125 0.10625 0.1890625
0 0.72734375 0.59921875 0.10078125 0.16484375
0 0.70234375 0.41953125 0.10625 0.17265625
0 0.72578125 0.25078125 0.11328125 0.14140625
0 0.6515625 0.159375 0.09765625 0.1828125
0 0.56484375 0.0859375 0.10859375 0.14453125
0 0.7734375 0.103125 0.1109375 0.13359375
0 0.8140625 0.21640625 0.09140625 0.1078125
0 0.8703125 0.1078125 0.09140625 0.165625
0 0.946875 0.2125 0.0890625 0.184375
0 0.8140625 0.3859375 0.12890625 0.1875
0 0.81484375 0.653125 0.06875 0.09453125
0 0.78671875 0.79140625 0.08984375 0.17578125
0 0.90625 0.76328125 0.14140625 0.17421875
0 0.8578125 0.91015625 0.075 0.14921875
0 0.93125 0.93203125 0.0796875 0.10625