0 0.1078125 0.69609375 0.20234375 0.31953125
0 0.39609375 0.10859375 0.221875 0.178125
0 0.59140625 0.2140625 0.16171875 0.21171875
0 0.4625 0.271875 0.1328125 0.13125
0 0.2640625 0.38203125 0.175 0.1796875
0 0.2953125 0.55390625 0.14375 0.1578125
0 0.2890625 0.77265625 0.13984375 0.21484375
0 0.4625 0.846875 0.1828125 0.19296875
0 0.74453125 0.73828125 0.1796875 0.25390625
0 0.83828125 0.903125 0.22890625 0.18984375
0 0.8984375 0.61796875 0.175 0.23125
0 0.75546875 0.11640625 0.20625 0.2265625
0 0.5640625 0.4234375 0.16796875 0.2046875
0 0.56015625 0.6296875 0.221875 0.2453125
0 0.40703125 0.6890625 0.12265625 0.15546875
0 0.396875 0.396875 0.15546875 0.28125