0 0.115625 0.2296875 0.23046875 0.2546875
0 0.5609375 0.25 0.2359375 0.221875
0 0.71796875 0.3390625 0.12421875 0.2140625
0 0.89140625 0.07109375 0.19140625 0.14140625
0 0.94296875 0.18828125 0.11171875 0.17421875
0 0.74140625 0.6171875 0.21171875 0.31953125
0 0.496875 0.45859375 0.2578125 0.26484375
0 0.2765625 0.4703125 0.1078125 0.18515625
0 0.3875 0.7390625 0.24765625 0.27734375
0 0.55625 0.64453125 0.14140625 0.1765625
0 0.2296875 0.91796875 0.228125 0.1609375
0 0.05703125 0.81875 0.11328125 0.29140625