0 0.1625 0.10078125 0.12734375 0.16015625
0 0.09140625 0.40390625 0.090625 0.11875
0 0.046875 0.63203125 0.09375 0.2171875
0 0.178125 0.34140625 0.159375 0.1890625
0 0.24375 0.209375 0.115625 0.165625
0 0.359375 0.25078125 0.125 0.21171875
0 0.48046875 0.21953125 0.1421875 0.16796875
0 0.56171875 0.37265625 0.125 0.18828125
0 0.51875 0.51953125 0.1703125 0.20859375
0 0.765625 0.6640625 0.10703125 0.17421875
0 0.878125 0.66953125 0.125 0.18828125
0 0.9546875 0.1625 0.090625 0.1640625
0 0.94140625 0.35234375 0.1 0.13984375
0 0.9484375 0.50390625 0.103125 0.14765625