0 0.11953125 0.1953125 0.19296875 0.18515625
0 0.1609375 0.3765625 0.13359375 0.2140625
0 0.259375 0.45703125 0.0921875 0.19765625
0 0.3625 0.3359375 0.1453125 0.25703125
0 0.36640625 0.56640625 0.1765625 0.1875
0 0.49453125 0.31484375 0.11328125 0.24375
0 0.65078125 0.1953125 0.13203125 0.19609375
0 0.73203125 0.09609375 0.1609375 0.1921875
0 0.6203125 0.43203125 0.1765625 0.2625
0 0.77421875 0.40859375 0.12578125 0.2125
0 0.82109375 0.68984375 0.13203125 0.18515625
0 0.75390625 0.80859375 0.1328125 0.15546875
0 0.6 0.725 0.20390625 0.259375
0 0.35078125 0.7734375 0.203125 0.21171875
0 0.12109375 0.67109375 0.215625 0.3671875
0 0.5265625 0.921875 0.134375 0.15625
0 0.8859375 0.43984375 0.1796875 0.41484375