0 0.21640625 0.45 0.2140625 0.2546875
0 0.05 0.5390625 0.09609375 0.2578125
0 0.1375 0.59453125 0.1140625 0.1421875
0 0.2140625 0.6859375 0.11015625 0.16484375
0 0.10234375 0.740625 0.159375 0.1546875
0 0.309375 0.7578125 0.16015625 0.19609375
0 0.37265625 0.60234375 0.14765625 0.17265625
0 0.48828125 0.63515625 0.121875 0.1140625
0 0.48125 0.47421875 0.1328125 0.2046875
0 0.6046875 0.50234375 0.12265625 0.20390625
0 0.76328125 0.5375 0.18125 0.190625
0 0.8546875 0.35625 0.1265625 0.25546875
0 0.71328125 0.35546875 0.1375 0.159375
0 0.58125 0.221875 0.1765625 0.32109375
0 0.56953125 0.73984375 0.15078125 0.2125
0 0.7859375 0.70234375 0.13984375 0.16953125
0 0.896875 0.75546875 0.1328125 0.2078125